[-73,27]
[-73,23]
[-64,21]
[-84,38]
[-65,25]
[-66,21]
[-90,17]
[-62,32]
[-77,43]
[-70,36]
[-77,26]
[-81,9]
[-83,15]
[-62,24]
[-85,18]
[-76,36]
[-69,47]
[-86,12]
[-70,39]
[-85,34]
[-72,16]
[-80,50]
[-93,13]
[-67,20]
[-87,14]
[-73,40]
[-86,29]
[-71,47]
[-71,11]
[-82,40]
[-77,9]
[-86,33]
[-84,20]
[-86,39]
[-94,35]
[-78,22]
[-79,37]
[-71,25]
[-65,17]
[-68,26]
[-85,27]
[-86,23]
[-85,42]
[-93,9]
[-79,32]
[-71,19]
[-98,10]
[-67,38]
[-74,17]
[-86,21]
[-72,48]
[-91,30]
[-76,29]
[-83,23]
[-82,21]
[-80,38]
[-84,17]
[-78,31]
[-91,15]
[-87,31]
[-76,48]
[-66,26]
[-81,17]
[-92,11]
[-88,15]
[-92,14]
[-81,34]
[-62,34]
