[-66,46]
[-81,34]
[-86,39]
[-82,5]
[-59,18]
[-88,41]
[-96,8]
[-99,5]
[-62,34]
[-96,21]
[-77,9]
[-92,14]
[-59,29]
[-86,23]
[-78,59]
[-61,27]
[-86,12]
[-84,46]
[-79,32]
[-87,58]
[-85,34]
[-93,13]
[-65,23]
[-91,38]
[-71,11]
[-69,6]
[-76,36]
[-70,39]
[-82,21]
[-73,54]
[-71,47]
[-100,35]
[-88,13]
[-67,13]
[-83,53]
[-73,40]
[-94,35]
[-81,17]
[-92,35]
[-72,48]
[-60,23]
[-62,14]
[-94,4]
[-73,3]
[-84,20]
[-74,17]
[-76,48]
[-85,27]
[-93,46]
[-92,4]
[-84,17]
[-84,38]
[-85,42]
[-94,43]
[-74,50]
[-93,28]
[-69,10]
[-85,18]
[-80,57]
[-73,27]
[-75,57]
[-94,25]
[-83,51]
[-91,30]
[-72,16]
[-83,23]
[-56,35]
[-81,22]
[-66,26]
[-67,20]
[-78,31]
[-79,37]
[-70,36]
[-96,5]
[-65,25]
[-87,40]
[-76,29]
[-69,47]
[-88,15]
[-60,35]
[-74,52]
[-92,11]
[-91,15]
[-66,21]
[-91,3]
[-93,9]
[-80,38]
[-65,17]
[-71,25]
[-57,34]
[-83,15]
[-80,50]
